00100000
00000110
00000000
00000000
00100000
00000101
00000000
00000000
00100000
00000001
00000000
00000000
10001100
11000011
00000000
00000101
10001100
11000010
00000000
00000000
00100000
00000100
00000000
00000000
00000000
01000011
01000000
00101010
00010000
00001000
00000000
00000011
00000000
01100010
00011000
00100010
00100000
10000100
00000000
00000001
00001000
00000000
00000000
00000100
00000000
10100100
00101000
00100000
00100000
00001001
00000000
00000101
00000000
00101001
01000000
00101010
00010000
00001000
00000000
00000010
00001000
00000000
00000000
00000100